10 0.000004 0.000004
26 0.000004 0.000004
42 0.000008 0.000007
58 0.000011 0.000010
74 0.000016 0.000015
90 0.000031 0.000021
106 0.000029 0.000028
122 0.000036 0.000039
138 0.000045 0.000063
154 0.000056 0.000078
170 0.000067 0.000065
186 0.000126 0.000078
202 0.000154 0.000092
218 0.000127 0.000124
234 0.000139 0.000174
250 0.000144 0.000149
266 0.000259 0.000164
282 0.000183 0.000270
298 0.000205 0.000279
314 0.000251 0.000217
330 0.000266 0.000236
346 0.000450 0.000274
362 0.000308 0.000284
378 0.000332 0.000417
394 0.000394 0.000456
410 0.000695 0.000493
426 0.000364 0.000401
442 0.000589 0.000432
458 0.000688 0.000613
474 0.000536 0.000496
490 0.000594 0.000803
506 0.001275 0.000560
522 0.001501 0.000615
538 0.001541 0.001305
554 0.001330 0.000650
570 0.002399 0.000838
586 0.002305 0.000808
602 0.002585 0.001051
618 0.002645 0.000838
634 0.003147 0.000894
650 0.003566 0.000969
666 0.003864 0.000979
682 0.003942 0.001020
698 0.004443 0.001097
714 0.004888 0.001603
730 0.005835 0.001261
746 0.005469 0.001414
762 0.005627 0.001277
778 0.006046 0.001784
794 0.006262 0.001372
810 0.006584 0.001555
826 0.006162 0.001532
842 0.007742 0.001549
858 0.007440 0.001609
874 0.008192 0.001668
890 0.008914 0.002443
906 0.008389 0.001379
922 0.010460 0.001478
938 0.010251 0.001980
954 0.010497 0.002873
970 0.010311 0.002081
986 0.010681 0.002143
1002 0.009959 0.002747
1018 0.011953 0.002704
1034 0.011595 0.002385
1050 0.012980 0.002425
1066 0.012623 0.002620
1082 0.012539 0.003781
1098 0.012815 0.003426
1114 0.014218 0.002888
1130 0.013878 0.002804
1146 0.014182 0.002874
1162 0.014351 0.002561
1178 0.014589 0.003297
1194 0.017195 0.003122
1210 0.016213 0.003870
1226 0.021611 0.003678
1242 0.016977 0.003531
1258 0.020068 0.003317
1274 0.019468 0.005376
1290 0.020285 0.005647
1306 0.018919 0.003742
1322 0.019816 0.004182
1338 0.022692 0.004592
1354 0.024969 0.005587
1370 0.020367 0.004296
1386 0.023374 0.003969
1402 0.026653 0.004884
1418 0.030758 0.005672
1434 0.029558 0.006078
1450 0.028185 0.007320
1466 0.028783 0.006156
1482 0.029969 0.006037
1498 0.033133 0.005104
1514 0.032562 0.005138
1530 0.030870 0.007444
1546 0.035588 0.006090
1562 0.034686 0.005708
1578 0.035207 0.005400
1594 0.036422 0.005729
1610 0.034465 0.006815
1626 0.034875 0.006595
1642 0.035565 0.005740
1658 0.037708 0.007031
1674 0.036936 0.006786
1690 0.038175 0.006381
1706 0.038988 0.008484
1722 0.046774 0.009700
1738 0.039738 0.006542
1754 0.046166 0.006637
1770 0.045540 0.006628
1786 0.043311 0.007323
1802 0.047976 0.007570
1818 0.054644 0.008437
1834 0.051200 0.007828
1850 0.049198 0.010215
1866 0.056800 0.009738
1882 0.055982 0.008030
1898 0.055479 0.008820
1914 0.062580 0.008304
1930 0.066900 0.008035
1946 0.060887 0.009819
1962 0.064155 0.009783
1978 0.062393 0.008666
1994 0.070235 0.009089
2010 0.071889 0.009610
2026 0.067003 0.010250
2042 0.070102 0.009742
2058 0.079792 0.010017
