10 0.000001 0.000001
26 0.000003 0.000004
42 0.000009 0.000009
58 0.000017 0.000017
74 0.000029 0.000029
90 0.000042 0.000042
106 0.000058 0.000057
122 0.000107 0.000076
138 0.000103 0.000098
154 0.000125 0.000122
170 0.000192 0.000149
186 0.000204 0.000177
202 0.000475 0.000209
218 0.000373 0.000243
234 0.000337 0.000280
250 0.000516 0.000319
266 0.000525 0.000362
282 0.000633 0.000406
298 0.000763 0.000457
314 0.001323 0.000513
330 0.000897 0.000561
346 0.002167 0.000605
362 0.000809 0.000688
378 0.001604 0.000741
394 0.002330 0.000804
410 0.002087 0.000871
426 0.002146 0.000959
442 0.002558 0.001026
458 0.002629 0.001102
474 0.002845 0.001226
490 0.003120 0.001262
506 0.003496 0.001331
522 0.003200 0.001515
538 0.003918 0.003222
554 0.004313 0.002145
570 0.004443 0.001725
586 0.004601 0.001831
602 0.006823 0.003262
618 0.004524 0.002033
634 0.004871 0.002736
650 0.005781 0.002236
666 0.006088 0.002360
682 0.006477 0.002490
698 0.006713 0.002569
714 0.006855 0.002700
730 0.007486 0.002811
746 0.007804 0.003010
762 0.009099 0.003197
778 0.008247 0.003333
794 0.008777 0.003325
810 0.009116 0.003485
826 0.009263 0.003681
842 0.010019 0.003823
858 0.010302 0.003900
874 0.015549 0.004232
890 0.012573 0.004171
906 0.013121 0.004340
922 0.012444 0.004477
938 0.012736 0.004826
954 0.014589 0.004810
970 0.015924 0.004932
986 0.014565 0.005147
1002 0.014924 0.005338
1018 0.015011 0.005511
1034 0.017197 0.005687
1050 0.018120 0.005865
1066 0.019743 0.006623
1082 0.017245 0.006263
1098 0.018500 0.006418
1114 0.017770 0.006601
1130 0.019636 0.007029
1146 0.018792 0.006968
1162 0.020507 0.007112
1178 0.020712 0.007275
1194 0.020114 0.009278
1210 0.020455 0.007775
1226 0.021338 0.008257
1242 0.022549 0.008150
1258 0.023742 0.008330
1274 0.022612 0.008573
1290 0.022922 0.008910
1306 0.023781 0.009428
1322 0.027060 0.009238
1338 0.035287 0.009380
1354 0.027622 0.009646
1370 0.026802 0.009843
1386 0.027450 0.010088
1402 0.027243 0.010376
1418 0.027944 0.011251
1434 0.029207 0.010810
1450 0.029368 0.011073
1466 0.030453 0.011692
1482 0.030579 0.011500
1498 0.031280 0.011779
1514 0.033126 0.012049
1530 0.038882 0.012782
1546 0.033459 0.012542
1562 0.034707 0.013455
1578 0.034930 0.013241
1594 0.037126 0.013376
1610 0.038230 0.014136
1626 0.037420 0.014053
1642 0.039625 0.016116
1658 0.043235 0.014401
1674 0.041238 0.015495
1690 0.042975 0.016876
1706 0.041153 0.015283
1722 0.043521 0.015588
1738 0.043025 0.015902
1754 0.043876 0.016951
1770 0.044535 0.016456
1786 0.045627 0.018501
1802 0.048319 0.017028
1818 0.047191 0.017796
1834 0.048193 0.017692
1850 0.049337 0.017950
1866 0.058143 0.018261
1882 0.050583 0.021457
1898 0.051386 0.018963
1914 0.054093 0.019243
1930 0.054720 0.020116
1946 0.054374 0.020023
1962 0.055509 0.020177
1978 0.059016 0.020640
1994 0.059696 0.020835
2010 0.059846 0.021193
2026 0.059305 0.021819
2042 0.061865 0.024482
2058 0.062842 0.022236
