10 0.000001 0.000001
26 0.000004 0.000004
42 0.000009 0.000009
58 0.000017 0.000017
74 0.000029 0.000028
90 0.000042 0.000041
106 0.000058 0.000057
122 0.000078 0.000076
138 0.000098 0.000098
154 0.000129 0.000121
170 0.000161 0.000168
186 0.000186 0.000177
202 0.000235 0.000209
218 0.000244 0.000242
234 0.000351 0.001581
250 0.000445 0.000317
266 0.000892 0.000362
282 0.000432 0.000409
298 0.000968 0.000451
314 0.001011 0.000500
330 0.000629 0.000560
346 0.001048 0.000625
362 0.001191 0.000727
378 0.001329 0.000749
394 0.001835 0.000799
410 0.001941 0.000873
426 0.002533 0.000962
442 0.002418 0.001074
458 0.002954 0.001103
474 0.003115 0.001199
490 0.003207 0.001851
506 0.003758 0.001333
522 0.003517 0.001436
538 0.004014 0.001526
554 0.003937 0.001624
570 0.004559 0.001704
