"Tamaño"	"Serie"		"1 hilo"		"2 hilos"		"3 hilos"		"4 hilos
100000	0.000224	0.000228	0.000220	0.001103	0.000194
200000	0.000423	0.000424	0.000296	0.000514	0.000610
500000	0.001264	0.001184	0.000680	0.000525	0.000466
1000000	0.003247	0.003038	0.001222	0.000959	0.000888
2000000	0.005487	0.006851	0.002379	0.001694	0.002275
3000000	0.007376	0.006777	0.003655	0.003796	0.002259
4000000	0.009992	0.010492	0.005151	0.007155	0.002812
5000000	0.014940	0.013420	0.007932	0.005237	0.004064
10000000	0.028803	0.028319	0.017608	0.009454	0.006766
