10 0.000003 0.000003
26 0.000005 0.000004
42 0.000007 0.000007
58 0.000011 0.000011
74 0.000015 0.000015
90 0.000021 0.000020
106 0.000040 0.000029
122 0.000036 0.000036
138 0.000046 0.000044
154 0.000063 0.000080
170 0.000077 0.000065
186 0.000102 0.000079
202 0.000123 0.000093
218 0.000204 0.000168
234 0.000226 0.000120
250 0.000166 0.000209
266 0.000316 0.000223
282 0.000390 0.000173
298 0.000217 0.000194
314 0.000233 0.000214
330 0.000290 0.000418
346 0.000335 0.000271
362 0.000353 0.000284
378 0.000465 0.000419
394 0.000747 0.000498
410 0.000687 0.000374
426 0.000553 0.000403
442 0.000595 0.000437
458 0.000804 0.000661
474 0.000641 0.000499
490 0.001091 0.000761
506 0.001143 0.000561
522 0.000999 0.000594
538 0.001481 0.000926
554 0.001830 0.000685
570 0.002803 0.001038
586 0.002796 0.001442
602 0.002300 0.000798
618 0.003860 0.000842
634 0.003216 0.000872
650 0.004183 0.000926
666 0.003904 0.000946
682 0.004012 0.001106
698 0.004331 0.002301
714 0.005440 0.001120
730 0.005132 0.001162
746 0.006100 0.001223
762 0.007430 0.001265
778 0.005953 0.001425
794 0.005964 0.001400
810 0.006808 0.001441
826 0.006898 0.001494
842 0.007994 0.002272
858 0.007954 0.001702
874 0.007163 0.002081
890 0.008527 0.001752
906 0.007734 0.001822
922 0.010269 0.001876
938 0.008812 0.002350
954 0.010036 0.001991
970 0.011988 0.002752
986 0.011867 0.002942
1002 0.013728 0.003238
1018 0.012477 0.003051
1034 0.015391 0.002568
1050 0.011924 0.002404
1066 0.012380 0.002501
1082 0.016900 0.003792
1098 0.013324 0.002748
1114 0.013386 0.002833
1130 0.014843 0.004472
1146 0.014036 0.003307
1162 0.014876 0.003256
1178 0.016248 0.003461
1194 0.017414 0.003631
1210 0.018210 0.005302
1226 0.017219 0.004982
1242 0.020407 0.003502
1258 0.016598 0.003681
1274 0.016960 0.003966
1290 0.016759 0.004090
1306 0.017642 0.004466
1322 0.018807 0.004280
1338 0.017855 0.004432
1354 0.019265 0.004492
1370 0.025623 0.006653
1386 0.020437 0.004389
1402 0.021998 0.004652
1418 0.022356 0.005234
1434 0.031283 0.004696
1450 0.031432 0.004397
1466 0.025744 0.005989
1482 0.026032 0.004783
1498 0.024473 0.004583
1514 0.025192 0.005812
1530 0.025022 0.005259
1546 0.026473 0.005337
1562 0.027084 0.005423
1578 0.027903 0.005545
1594 0.027507 0.006289
1610 0.029216 0.006769
1626 0.029577 0.005954
1642 0.030402 0.005535
1658 0.030694 0.006738
1674 0.031992 0.006453
1690 0.031610 0.006344
1706 0.035583 0.008235
1722 0.037092 0.007322
1738 0.038232 0.007471
1754 0.038835 0.007516
1770 0.035329 0.007599
1786 0.036360 0.007868
1802 0.037836 0.007176
1818 0.038419 0.008204
1834 0.038935 0.007633
1850 0.040086 0.008146
1866 0.040974 0.007864
1882 0.042272 0.008006
1898 0.042728 0.008178
1914 0.043838 0.007957
1930 0.044528 0.008736
1946 0.045198 0.008692
1962 0.049228 0.009188
1978 0.054014 0.011166
1994 0.048656 0.009049
2010 0.050310 0.009197
2026 0.051091 0.008974
2042 0.051572 0.009702
2058 0.053327 0.009360
10 0.000003 0.000003
26 0.000005 0.000005
42 0.000006 0.000007
58 0.000011 0.000010
74 0.000016 0.000015
90 0.000021 0.000021
106 0.000028 0.000028
122 0.000119 0.000035
138 0.000046 0.000052
154 0.000067 0.000068
170 0.000068 0.000095
186 0.000098 0.000113
202 0.000100 0.000101
218 0.000145 0.000152
234 0.000206 0.000121
250 0.000308 0.000198
266 0.000160 0.000233
282 0.000423 0.000262
298 0.000319 0.000280
314 0.000413 0.000226
330 0.000596 0.000237
346 0.000637 0.000388
362 0.000602 0.000411
378 0.000832 0.000458
394 0.000983 0.000561
410 0.000965 0.000549
426 0.000645 0.000505
442 0.000374 0.000636
458 0.002202 0.000695
474 0.000966 0.000495
490 0.001287 0.000762
506 0.001047 0.000562
522 0.001394 0.000620
538 0.002255 0.000637
554 0.002725 0.000671
570 0.002893 0.000709
586 0.002763 0.001180
602 0.003255 0.000789
618 0.004328 0.000840
634 0.004467 0.000959
650 0.004332 0.001306
666 0.005346 0.000980
682 0.004904 0.001499
698 0.005575 0.001595
714 0.006133 0.001173
730 0.006248 0.001162
746 0.006753 0.002555
762 0.008012 0.001291
778 0.008203 0.001966
794 0.007990 0.001391
810 0.008817 0.001970
826 0.007846 0.001502
842 0.009243 0.001578
858 0.008818 0.001650
874 0.008447 0.001765
890 0.009908 0.001734
906 0.010201 0.001870
922 0.012056 0.002803
938 0.010690 0.002789
954 0.014014 0.002362
970 0.011725 0.002083
986 0.011850 0.002174
1002 0.014811 0.002329
1018 0.014644 0.003378
1034 0.016664 0.002393
1050 0.013809 0.002170
1066 0.014577 0.002316
1082 0.014620 0.002771
1098 0.015711 0.002836
1114 0.015884 0.003160
1130 0.017631 0.002860
1146 0.016548 0.002887
1162 0.018816 0.003094
1178 0.018913 0.003533
1194 0.020063 0.003128
1210 0.022786 0.003389
1226 0.021196 0.003791
1242 0.020178 0.003090
1258 0.020896 0.003965
1274 0.021912 0.003288
1290 0.021788 0.003815
1306 0.022994 0.003902
1322 0.023212 0.004391
1338 0.022643 0.003576
1354 0.024385 0.003635
1370 0.025765 0.004206
1386 0.026009 0.004811
1402 0.027232 0.004382
1418 0.028255 0.004081
1434 0.028918 0.004593
1450 0.029019 0.004712
1466 0.030248 0.004342
1482 0.031053 0.004826
1498 0.032248 0.008045
1514 0.035018 0.005204
1530 0.036529 0.007226
1546 0.040928 0.004862
1562 0.036294 0.005415
1578 0.036743 0.005151
1594 0.037272 0.005832
1610 0.038649 0.006364
1626 0.038766 0.005958
1642 0.040427 0.006283
1658 0.040618 0.005722
1674 0.042293 0.005888
1690 0.044205 0.006577
1706 0.044719 0.006603
1722 0.045909 0.006167
1738 0.046310 0.006600
1754 0.046653 0.007277
1770 0.047099 0.006788
1786 0.048802 0.006862
1802 0.049773 0.007334
1818 0.050448 0.007730
1834 0.053107 0.008584
1850 0.053908 0.008128
1866 0.057027 0.008311
1882 0.054716 0.007583
1898 0.057301 0.008122
1914 0.058524 0.008641
1930 0.060044 0.007937
1946 0.060367 0.008994
1962 0.061100 0.009065
1978 0.062497 0.008414
1994 0.065602 0.008831
2010 0.066321 0.009173
2026 0.067711 0.008733
2042 0.067374 0.009982
2058 0.068645 0.009294
